{
 "cells": [
  {
   "cell_type": "markdown",
   "metadata": {},
   "source": [
    "# ML Taxi NB 2: Modelos de machine learning"
   ]
  },
  {
   "cell_type": "markdown",
   "metadata": {},
   "source": [
    "#### En este notebook se realiza el análisis y predicción de datos para df_final generado en el NB1"
   ]
  },
  {
   "cell_type": "code",
   "execution_count": 73,
   "metadata": {},
   "outputs": [],
   "source": [
    "#Importación de librerías y lectura de datos\n",
    "import pandas as pd\n",
    "import numpy as np\n",
    "from sklearn.model_selection import train_test_split\n",
    "df=pd.read_csv(\"data/df_final.csv\")"
   ]
  },
  {
   "cell_type": "code",
   "execution_count": 74,
   "metadata": {},
   "outputs": [],
   "source": [
    "df=df.sample(100000) # reducción de la muestra para pruebas y agilizar proceso"
   ]
  },
  {
   "cell_type": "code",
   "execution_count": 75,
   "metadata": {},
   "outputs": [
    {
     "data": {
      "text/html": [
       "<div>\n",
       "<style scoped>\n",
       "    .dataframe tbody tr th:only-of-type {\n",
       "        vertical-align: middle;\n",
       "    }\n",
       "\n",
       "    .dataframe tbody tr th {\n",
       "        vertical-align: top;\n",
       "    }\n",
       "\n",
       "    .dataframe thead th {\n",
       "        text-align: right;\n",
       "    }\n",
       "</style>\n",
       "<table border=\"1\" class=\"dataframe\">\n",
       "  <thead>\n",
       "    <tr style=\"text-align: right;\">\n",
       "      <th></th>\n",
       "      <th>fare_amount</th>\n",
       "      <th>pickup_longitude</th>\n",
       "      <th>pickup_latitude</th>\n",
       "      <th>dropoff_longitude</th>\n",
       "      <th>dropoff_latitude</th>\n",
       "      <th>passenger_count</th>\n",
       "      <th>peak_hour</th>\n",
       "      <th>pickup_year</th>\n",
       "      <th>distance</th>\n",
       "      <th>pickup_hour_sin</th>\n",
       "      <th>pickup_hour_cos</th>\n",
       "      <th>pickup_minutes_sin</th>\n",
       "      <th>pickup_minutes_cos</th>\n",
       "      <th>pickup_month_sin</th>\n",
       "      <th>pickup_month_cos</th>\n",
       "      <th>pickup_day_sin</th>\n",
       "      <th>pickup_day_cos</th>\n",
       "      <th>day_of_week_sin</th>\n",
       "      <th>day_of_week_cos</th>\n",
       "    </tr>\n",
       "  </thead>\n",
       "  <tbody>\n",
       "    <tr>\n",
       "      <th>139215</th>\n",
       "      <td>24.27</td>\n",
       "      <td>-73.874574</td>\n",
       "      <td>40.774060</td>\n",
       "      <td>-73.973956</td>\n",
       "      <td>40.756979</td>\n",
       "      <td>2</td>\n",
       "      <td>False</td>\n",
       "      <td>2009</td>\n",
       "      <td>8.582524</td>\n",
       "      <td>-7.308360e-01</td>\n",
       "      <td>0.682553</td>\n",
       "      <td>0.874763</td>\n",
       "      <td>0.484551</td>\n",
       "      <td>-0.866025</td>\n",
       "      <td>5.000000e-01</td>\n",
       "      <td>-0.201299</td>\n",
       "      <td>0.979530</td>\n",
       "      <td>-8.660254e-01</td>\n",
       "      <td>-0.5</td>\n",
       "    </tr>\n",
       "    <tr>\n",
       "      <th>499908</th>\n",
       "      <td>5.00</td>\n",
       "      <td>-74.011620</td>\n",
       "      <td>40.715393</td>\n",
       "      <td>-74.016769</td>\n",
       "      <td>40.708130</td>\n",
       "      <td>5</td>\n",
       "      <td>False</td>\n",
       "      <td>2015</td>\n",
       "      <td>0.916881</td>\n",
       "      <td>1.361666e-01</td>\n",
       "      <td>-0.990686</td>\n",
       "      <td>-0.971430</td>\n",
       "      <td>-0.237327</td>\n",
       "      <td>0.866025</td>\n",
       "      <td>5.000000e-01</td>\n",
       "      <td>0.299363</td>\n",
       "      <td>-0.954139</td>\n",
       "      <td>-8.660254e-01</td>\n",
       "      <td>0.5</td>\n",
       "    </tr>\n",
       "    <tr>\n",
       "      <th>778807</th>\n",
       "      <td>29.70</td>\n",
       "      <td>-73.874527</td>\n",
       "      <td>40.774013</td>\n",
       "      <td>-73.982988</td>\n",
       "      <td>40.762570</td>\n",
       "      <td>1</td>\n",
       "      <td>False</td>\n",
       "      <td>2011</td>\n",
       "      <td>9.222157</td>\n",
       "      <td>-2.449294e-16</td>\n",
       "      <td>1.000000</td>\n",
       "      <td>-0.211383</td>\n",
       "      <td>0.977403</td>\n",
       "      <td>0.866025</td>\n",
       "      <td>-5.000000e-01</td>\n",
       "      <td>-0.790776</td>\n",
       "      <td>-0.612106</td>\n",
       "      <td>8.660254e-01</td>\n",
       "      <td>-0.5</td>\n",
       "    </tr>\n",
       "    <tr>\n",
       "      <th>261575</th>\n",
       "      <td>11.50</td>\n",
       "      <td>-74.006637</td>\n",
       "      <td>40.733107</td>\n",
       "      <td>-74.014550</td>\n",
       "      <td>40.715385</td>\n",
       "      <td>1</td>\n",
       "      <td>False</td>\n",
       "      <td>2013</td>\n",
       "      <td>2.080363</td>\n",
       "      <td>-2.697968e-01</td>\n",
       "      <td>0.962917</td>\n",
       "      <td>-0.314077</td>\n",
       "      <td>0.949398</td>\n",
       "      <td>-0.866025</td>\n",
       "      <td>-5.000000e-01</td>\n",
       "      <td>0.937752</td>\n",
       "      <td>0.347305</td>\n",
       "      <td>8.660254e-01</td>\n",
       "      <td>0.5</td>\n",
       "    </tr>\n",
       "    <tr>\n",
       "      <th>647599</th>\n",
       "      <td>30.10</td>\n",
       "      <td>-73.975170</td>\n",
       "      <td>40.756958</td>\n",
       "      <td>-73.870890</td>\n",
       "      <td>40.774092</td>\n",
       "      <td>1</td>\n",
       "      <td>False</td>\n",
       "      <td>2011</td>\n",
       "      <td>8.986505</td>\n",
       "      <td>-3.984011e-01</td>\n",
       "      <td>-0.917211</td>\n",
       "      <td>0.638244</td>\n",
       "      <td>-0.769834</td>\n",
       "      <td>0.500000</td>\n",
       "      <td>-8.660254e-01</td>\n",
       "      <td>-0.651372</td>\n",
       "      <td>-0.758758</td>\n",
       "      <td>1.224647e-16</td>\n",
       "      <td>-1.0</td>\n",
       "    </tr>\n",
       "    <tr>\n",
       "      <th>863731</th>\n",
       "      <td>12.50</td>\n",
       "      <td>-73.958549</td>\n",
       "      <td>40.713073</td>\n",
       "      <td>-73.957071</td>\n",
       "      <td>40.745711</td>\n",
       "      <td>1</td>\n",
       "      <td>False</td>\n",
       "      <td>2013</td>\n",
       "      <td>3.631316</td>\n",
       "      <td>0.000000e+00</td>\n",
       "      <td>1.000000</td>\n",
       "      <td>0.106293</td>\n",
       "      <td>0.994335</td>\n",
       "      <td>1.000000</td>\n",
       "      <td>6.123234e-17</td>\n",
       "      <td>-0.968077</td>\n",
       "      <td>-0.250653</td>\n",
       "      <td>-8.660254e-01</td>\n",
       "      <td>-0.5</td>\n",
       "    </tr>\n",
       "    <tr>\n",
       "      <th>152814</th>\n",
       "      <td>7.30</td>\n",
       "      <td>-73.944688</td>\n",
       "      <td>40.779312</td>\n",
       "      <td>-73.958198</td>\n",
       "      <td>40.760342</td>\n",
       "      <td>1</td>\n",
       "      <td>False</td>\n",
       "      <td>2011</td>\n",
       "      <td>2.396625</td>\n",
       "      <td>-9.422609e-01</td>\n",
       "      <td>-0.334880</td>\n",
       "      <td>-0.991153</td>\n",
       "      <td>-0.132726</td>\n",
       "      <td>-0.866025</td>\n",
       "      <td>5.000000e-01</td>\n",
       "      <td>0.724793</td>\n",
       "      <td>0.688967</td>\n",
       "      <td>8.660254e-01</td>\n",
       "      <td>0.5</td>\n",
       "    </tr>\n",
       "    <tr>\n",
       "      <th>127156</th>\n",
       "      <td>5.30</td>\n",
       "      <td>-73.994864</td>\n",
       "      <td>40.740275</td>\n",
       "      <td>-74.006437</td>\n",
       "      <td>40.743865</td>\n",
       "      <td>1</td>\n",
       "      <td>True</td>\n",
       "      <td>2010</td>\n",
       "      <td>1.053551</td>\n",
       "      <td>-9.790841e-01</td>\n",
       "      <td>0.203456</td>\n",
       "      <td>0.211383</td>\n",
       "      <td>0.977403</td>\n",
       "      <td>0.500000</td>\n",
       "      <td>-8.660254e-01</td>\n",
       "      <td>-0.201299</td>\n",
       "      <td>0.979530</td>\n",
       "      <td>-2.449294e-16</td>\n",
       "      <td>1.0</td>\n",
       "    </tr>\n",
       "    <tr>\n",
       "      <th>19536</th>\n",
       "      <td>10.90</td>\n",
       "      <td>-74.005062</td>\n",
       "      <td>40.719210</td>\n",
       "      <td>-73.996577</td>\n",
       "      <td>40.760787</td>\n",
       "      <td>2</td>\n",
       "      <td>False</td>\n",
       "      <td>2011</td>\n",
       "      <td>4.678093</td>\n",
       "      <td>5.195840e-01</td>\n",
       "      <td>0.854419</td>\n",
       "      <td>-0.847734</td>\n",
       "      <td>-0.530421</td>\n",
       "      <td>-0.866025</td>\n",
       "      <td>5.000000e-01</td>\n",
       "      <td>0.394356</td>\n",
       "      <td>0.918958</td>\n",
       "      <td>-2.449294e-16</td>\n",
       "      <td>1.0</td>\n",
       "    </tr>\n",
       "    <tr>\n",
       "      <th>435634</th>\n",
       "      <td>3.70</td>\n",
       "      <td>-73.960412</td>\n",
       "      <td>40.783183</td>\n",
       "      <td>-73.962473</td>\n",
       "      <td>40.782037</td>\n",
       "      <td>5</td>\n",
       "      <td>False</td>\n",
       "      <td>2011</td>\n",
       "      <td>0.215291</td>\n",
       "      <td>-7.308360e-01</td>\n",
       "      <td>0.682553</td>\n",
       "      <td>0.991153</td>\n",
       "      <td>-0.132726</td>\n",
       "      <td>-0.866025</td>\n",
       "      <td>-5.000000e-01</td>\n",
       "      <td>-0.299363</td>\n",
       "      <td>-0.954139</td>\n",
       "      <td>8.660254e-01</td>\n",
       "      <td>-0.5</td>\n",
       "    </tr>\n",
       "  </tbody>\n",
       "</table>\n",
       "</div>"
      ],
      "text/plain": [
       "        fare_amount  pickup_longitude  pickup_latitude  dropoff_longitude  \\\n",
       "139215        24.27        -73.874574        40.774060         -73.973956   \n",
       "499908         5.00        -74.011620        40.715393         -74.016769   \n",
       "778807        29.70        -73.874527        40.774013         -73.982988   \n",
       "261575        11.50        -74.006637        40.733107         -74.014550   \n",
       "647599        30.10        -73.975170        40.756958         -73.870890   \n",
       "863731        12.50        -73.958549        40.713073         -73.957071   \n",
       "152814         7.30        -73.944688        40.779312         -73.958198   \n",
       "127156         5.30        -73.994864        40.740275         -74.006437   \n",
       "19536         10.90        -74.005062        40.719210         -73.996577   \n",
       "435634         3.70        -73.960412        40.783183         -73.962473   \n",
       "\n",
       "        dropoff_latitude  passenger_count  peak_hour  pickup_year  distance  \\\n",
       "139215         40.756979                2      False         2009  8.582524   \n",
       "499908         40.708130                5      False         2015  0.916881   \n",
       "778807         40.762570                1      False         2011  9.222157   \n",
       "261575         40.715385                1      False         2013  2.080363   \n",
       "647599         40.774092                1      False         2011  8.986505   \n",
       "863731         40.745711                1      False         2013  3.631316   \n",
       "152814         40.760342                1      False         2011  2.396625   \n",
       "127156         40.743865                1       True         2010  1.053551   \n",
       "19536          40.760787                2      False         2011  4.678093   \n",
       "435634         40.782037                5      False         2011  0.215291   \n",
       "\n",
       "        pickup_hour_sin  pickup_hour_cos  pickup_minutes_sin  \\\n",
       "139215    -7.308360e-01         0.682553            0.874763   \n",
       "499908     1.361666e-01        -0.990686           -0.971430   \n",
       "778807    -2.449294e-16         1.000000           -0.211383   \n",
       "261575    -2.697968e-01         0.962917           -0.314077   \n",
       "647599    -3.984011e-01        -0.917211            0.638244   \n",
       "863731     0.000000e+00         1.000000            0.106293   \n",
       "152814    -9.422609e-01        -0.334880           -0.991153   \n",
       "127156    -9.790841e-01         0.203456            0.211383   \n",
       "19536      5.195840e-01         0.854419           -0.847734   \n",
       "435634    -7.308360e-01         0.682553            0.991153   \n",
       "\n",
       "        pickup_minutes_cos  pickup_month_sin  pickup_month_cos  \\\n",
       "139215            0.484551         -0.866025      5.000000e-01   \n",
       "499908           -0.237327          0.866025      5.000000e-01   \n",
       "778807            0.977403          0.866025     -5.000000e-01   \n",
       "261575            0.949398         -0.866025     -5.000000e-01   \n",
       "647599           -0.769834          0.500000     -8.660254e-01   \n",
       "863731            0.994335          1.000000      6.123234e-17   \n",
       "152814           -0.132726         -0.866025      5.000000e-01   \n",
       "127156            0.977403          0.500000     -8.660254e-01   \n",
       "19536            -0.530421         -0.866025      5.000000e-01   \n",
       "435634           -0.132726         -0.866025     -5.000000e-01   \n",
       "\n",
       "        pickup_day_sin  pickup_day_cos  day_of_week_sin  day_of_week_cos  \n",
       "139215       -0.201299        0.979530    -8.660254e-01             -0.5  \n",
       "499908        0.299363       -0.954139    -8.660254e-01              0.5  \n",
       "778807       -0.790776       -0.612106     8.660254e-01             -0.5  \n",
       "261575        0.937752        0.347305     8.660254e-01              0.5  \n",
       "647599       -0.651372       -0.758758     1.224647e-16             -1.0  \n",
       "863731       -0.968077       -0.250653    -8.660254e-01             -0.5  \n",
       "152814        0.724793        0.688967     8.660254e-01              0.5  \n",
       "127156       -0.201299        0.979530    -2.449294e-16              1.0  \n",
       "19536         0.394356        0.918958    -2.449294e-16              1.0  \n",
       "435634       -0.299363       -0.954139     8.660254e-01             -0.5  "
      ]
     },
     "execution_count": 75,
     "metadata": {},
     "output_type": "execute_result"
    }
   ],
   "source": [
    "df.head(10)"
   ]
  },
  {
   "cell_type": "markdown",
   "metadata": {},
   "source": [
    "### Quick EDA"
   ]
  },
  {
   "cell_type": "code",
   "execution_count": 76,
   "metadata": {},
   "outputs": [
    {
     "data": {
      "application/vnd.plotly.v1+json": {
       "config": {
        "plotlyServerURL": "https://plot.ly"
       },
       "data": [
        {
         "colorbar": {
          "ticktext": [
           "-1",
           "0",
           "1"
          ],
          "tickvals": [
           -1,
           0,
           1
          ],
          "title": {
           "text": "Correlación"
          }
         },
         "colorscale": [
          [
           0,
           "rgb(103,0,31)"
          ],
          [
           0.1,
           "rgb(178,24,43)"
          ],
          [
           0.2,
           "rgb(214,96,77)"
          ],
          [
           0.3,
           "rgb(244,165,130)"
          ],
          [
           0.4,
           "rgb(253,219,199)"
          ],
          [
           0.5,
           "rgb(247,247,247)"
          ],
          [
           0.6,
           "rgb(209,229,240)"
          ],
          [
           0.7,
           "rgb(146,197,222)"
          ],
          [
           0.8,
           "rgb(67,147,195)"
          ],
          [
           0.9,
           "rgb(33,102,172)"
          ],
          [
           1,
           "rgb(5,48,97)"
          ]
         ],
         "type": "heatmap",
         "x": [
          "fare_amount",
          "pickup_longitude",
          "pickup_latitude",
          "dropoff_longitude",
          "dropoff_latitude",
          "passenger_count",
          "peak_hour",
          "pickup_year",
          "distance",
          "pickup_hour_sin",
          "pickup_hour_cos",
          "pickup_minutes_sin",
          "pickup_minutes_cos",
          "pickup_month_sin",
          "pickup_month_cos",
          "pickup_day_sin",
          "pickup_day_cos",
          "day_of_week_sin",
          "day_of_week_cos"
         ],
         "y": [
          "fare_amount",
          "pickup_longitude",
          "pickup_latitude",
          "dropoff_longitude",
          "dropoff_latitude",
          "passenger_count",
          "peak_hour",
          "pickup_year",
          "distance",
          "pickup_hour_sin",
          "pickup_hour_cos",
          "pickup_minutes_sin",
          "pickup_minutes_cos",
          "pickup_month_sin",
          "pickup_month_cos",
          "pickup_day_sin",
          "pickup_day_cos",
          "day_of_week_sin",
          "day_of_week_cos"
         ],
         "z": [
          [
           1,
           0.04673210456009466,
           -0.0800930731784821,
           0.10294466361786123,
           -0.08997395752873667,
           0.02370147534783713,
           -0.027658937676186192,
           0.14859017222897095,
           0.8429700757760752,
           0.014443269932153738,
           0.033872332447724064,
           0.0023301383922165746,
           -0.009324840663219265,
           -0.017135985375030083,
           -0.014281741894835739,
           0.00039636724854919523,
           -0.003527179290355729,
           -0.0010310041903695277,
           -0.009950445548396953
          ],
          [
           0.04673210456009466,
           1,
           0.6057762757696604,
           0.36771604190901896,
           0.28766867057708034,
           -0.01411755141670707,
           0.04428333367926828,
           0.0008021359628707261,
           0.051795435597081906,
           -0.02529676739308395,
           -0.09276529773481869,
           0.005776455551435779,
           0.0003518611905848466,
           0.005492104667285749,
           0.002940507031265357,
           -0.0004191398925670817,
           0.0030009588505068704,
           0.032103031174217554,
           -0.007525646776635895
          ],
          [
           -0.0800930731784821,
           0.6057762757696604,
           1,
           0.2663983255342999,
           0.4703783901081414,
           -0.009017257014723175,
           0.05798172425265234,
           -0.008641992477896725,
           -0.061804360570485634,
           -0.04662992750576153,
           -0.14599898494471153,
           0.0035812779489335003,
           -0.0010341374905587012,
           0.009145948812945427,
           0.007549154092065001,
           0.0001328838174207203,
           -0.0004152952813580651,
           0.046311950560979774,
           -0.01932348008499634
          ],
          [
           0.10294466361786123,
           0.36771604190901896,
           0.2663983255342999,
           1,
           0.5625880815620962,
           -0.000843590903600658,
           -0.019602227872754306,
           0.00513857944458052,
           0.13033774113837657,
           0.02626068373591019,
           0.005537061504480429,
           -0.000012652123947957214,
           -0.0025061941785159843,
           0.008810580125322699,
           0.005674953979541516,
           0.0002991982164836056,
           -0.0011321722526730668,
           0.02365389597522387,
           -0.0009530246941885379
          ],
          [
           -0.08997395752873667,
           0.28766867057708034,
           0.4703783901081414,
           0.5625880815620962,
           1,
           -0.0006731184415351286,
           0.030674790939406615,
           -0.011063798452735892,
           -0.04973682203022872,
           -0.0332265206212006,
           -0.0970932645413854,
           0.0006755830871263301,
           -0.003781417449391555,
           0.010109122508511969,
           0.006221219676949147,
           -0.0028054373484698958,
           -0.0010160279283200169,
           0.04087910875572943,
           -0.00549726937517123
          ],
          [
           0.02370147534783713,
           -0.01411755141670707,
           -0.009017257014723175,
           -0.000843590903600658,
           -0.0006731184415351286,
           1,
           -0.02705820400324702,
           -0.008753871098738228,
           0.014003350307430116,
           -0.04233178738994052,
           0.0505215250213498,
           0.006565198705737527,
           -0.0002356111518935956,
           -0.004869508277269783,
           -0.0009304504380299994,
           -0.008917515717804603,
           0.0014385476044489365,
           -0.05087791642439262,
           0.026641611479590314
          ],
          [
           -0.027658937676186192,
           0.04428333367926828,
           0.05798172425265234,
           -0.019602227872754306,
           0.030674790939406615,
           -0.02705820400324702,
           1,
           -0.007665042207388739,
           -0.04775776083576084,
           -0.14274922028103654,
           -0.05809925434497952,
           -0.010187828355657952,
           -0.004211431988692109,
           0.007431844862173284,
           0.005839102599613441,
           0.0037307135942052138,
           -0.0015444585730830683,
           0.07359460231600398,
           -0.03446204675665727
          ],
          [
           0.14859017222897095,
           0.0008021359628707261,
           -0.008641992477896725,
           0.00513857944458052,
           -0.011063798452735892,
           -0.008753871098738228,
           -0.007665042207388739,
           1,
           0.019644315127175196,
           0.004995358109730409,
           0.008271216677417618,
           -0.001439519071060705,
           -0.004220931224559694,
           0.1089009604439617,
           -0.02017597493510767,
           0.01165174856172291,
           0.008211518404838556,
           -0.012825210162531207,
           0.008715479206735417
          ],
          [
           0.8429700757760752,
           0.051795435597081906,
           -0.061804360570485634,
           0.13033774113837657,
           -0.04973682203022872,
           0.014003350307430116,
           -0.04775776083576084,
           0.019644315127175196,
           1,
           0.04405215544983979,
           0.10839358859364018,
           0.0054232798568389475,
           -0.010489103896936627,
           -0.005422754713898634,
           -0.024440312681643643,
           -0.0018105733413358615,
           -0.001235995915960936,
           -0.01897332591807512,
           0.02431614749068748
          ],
          [
           0.014443269932153738,
           -0.02529676739308395,
           -0.04662992750576153,
           0.02626068373591019,
           -0.0332265206212006,
           -0.04233178738994052,
           -0.14274922028103654,
           0.004995358109730409,
           0.04405215544983979,
           1,
           -0.07898188984893122,
           -0.007819835332340194,
           0.0019023606600778245,
           -0.01183801066793549,
           -0.005657269479281139,
           0.009870754664382595,
           -0.0031480786911033632,
           -0.005365558515081432,
           -0.006764267306199819
          ],
          [
           0.033872332447724064,
           -0.09276529773481869,
           -0.14599898494471153,
           0.005537061504480429,
           -0.0970932645413854,
           0.0505215250213498,
           -0.05809925434497952,
           0.008271216677417618,
           0.10839358859364018,
           -0.07898188984893122,
           1,
           0.02414221770720721,
           -0.003800569406902397,
           -0.00435585168163226,
           -0.0030116492802811133,
           0.00014161710811413317,
           0.0051621858293444695,
           -0.07390822014654969,
           0.004487909559094887
          ],
          [
           0.0023301383922165746,
           0.005776455551435779,
           0.0035812779489335003,
           -0.000012652123947957214,
           0.0006755830871263301,
           0.006565198705737527,
           -0.010187828355657952,
           -0.001439519071060705,
           0.0054232798568389475,
           -0.007819835332340194,
           0.02414221770720721,
           1,
           0.012477768543665514,
           0.00009426813519461744,
           0.002971745347019251,
           0.0025028006149383545,
           0.0012456630121062248,
           -0.00025485953083205336,
           0.01002045006316681
          ],
          [
           -0.009324840663219265,
           0.0003518611905848466,
           -0.0010341374905587012,
           -0.0025061941785159843,
           -0.003781417449391555,
           -0.0002356111518935956,
           -0.004211431988692109,
           -0.004220931224559694,
           -0.010489103896936627,
           0.0019023606600778245,
           -0.003800569406902397,
           0.012477768543665514,
           1,
           -0.00004448080842254663,
           0.0044204181711601336,
           0.0014723645628566624,
           0.003344749476090501,
           -0.0010990565108206219,
           -0.005950567871336856
          ],
          [
           -0.017135985375030083,
           0.005492104667285749,
           0.009145948812945427,
           0.008810580125322699,
           0.010109122508511969,
           -0.004869508277269783,
           0.007431844862173284,
           0.1089009604439617,
           -0.005422754713898634,
           -0.01183801066793549,
           -0.00435585168163226,
           0.00009426813519461744,
           -0.00004448080842254663,
           1,
           -0.002516249417545001,
           -0.0072278151372321174,
           0.003157696519129512,
           -0.007927234400501868,
           0.0003923603751473405
          ],
          [
           -0.014281741894835739,
           0.002940507031265357,
           0.007549154092065001,
           0.005674953979541516,
           0.006221219676949147,
           -0.0009304504380299994,
           0.005839102599613441,
           -0.02017597493510767,
           -0.024440312681643643,
           -0.005657269479281139,
           -0.0030116492802811133,
           0.002971745347019251,
           0.0044204181711601336,
           -0.002516249417545001,
           1,
           0.012160483119493495,
           -0.015000161205488098,
           -0.012314915061112463,
           -0.0013468399126654858
          ],
          [
           0.00039636724854919523,
           -0.0004191398925670817,
           0.0001328838174207203,
           0.0002991982164836056,
           -0.0028054373484698958,
           -0.008917515717804603,
           0.0037307135942052138,
           0.01165174856172291,
           -0.0018105733413358615,
           0.009870754664382595,
           0.00014161710811413317,
           0.0025028006149383545,
           0.0014723645628566624,
           -0.0072278151372321174,
           0.012160483119493495,
           1,
           0.027677056456979193,
           -0.007255999477566292,
           0.0023518385909775913
          ],
          [
           -0.003527179290355729,
           0.0030009588505068704,
           -0.0004152952813580651,
           -0.0011321722526730668,
           -0.0010160279283200169,
           0.0014385476044489365,
           -0.0015444585730830683,
           0.008211518404838556,
           -0.001235995915960936,
           -0.0031480786911033632,
           0.0051621858293444695,
           0.0012456630121062248,
           0.003344749476090501,
           0.003157696519129512,
           -0.015000161205488098,
           0.027677056456979193,
           1,
           0.004411718308227207,
           -0.0021054507430425307
          ],
          [
           -0.0010310041903695277,
           0.032103031174217554,
           0.046311950560979774,
           0.02365389597522387,
           0.04087910875572943,
           -0.05087791642439262,
           0.07359460231600398,
           -0.012825210162531207,
           -0.01897332591807512,
           -0.005365558515081432,
           -0.07390822014654969,
           -0.00025485953083205336,
           -0.0010990565108206219,
           -0.007927234400501868,
           -0.012314915061112463,
           -0.007255999477566292,
           0.004411718308227207,
           1,
           -0.1699342369922549
          ],
          [
           -0.009950445548396953,
           -0.007525646776635895,
           -0.01932348008499634,
           -0.0009530246941885379,
           -0.00549726937517123,
           0.026641611479590314,
           -0.03446204675665727,
           0.008715479206735417,
           0.02431614749068748,
           -0.006764267306199819,
           0.004487909559094887,
           0.01002045006316681,
           -0.005950567871336856,
           0.0003923603751473405,
           -0.0013468399126654858,
           0.0023518385909775913,
           -0.0021054507430425307,
           -0.1699342369922549,
           1
          ]
         ],
         "zmax": 1,
         "zmin": -1
        }
       ],
       "layout": {
        "height": 700,
        "template": {
         "data": {
          "bar": [
           {
            "error_x": {
             "color": "#2a3f5f"
            },
            "error_y": {
             "color": "#2a3f5f"
            },
            "marker": {
             "line": {
              "color": "#E5ECF6",
              "width": 0.5
             },
             "pattern": {
              "fillmode": "overlay",
              "size": 10,
              "solidity": 0.2
             }
            },
            "type": "bar"
           }
          ],
          "barpolar": [
           {
            "marker": {
             "line": {
              "color": "#E5ECF6",
              "width": 0.5
             },
             "pattern": {
              "fillmode": "overlay",
              "size": 10,
              "solidity": 0.2
             }
            },
            "type": "barpolar"
           }
          ],
          "carpet": [
           {
            "aaxis": {
             "endlinecolor": "#2a3f5f",
             "gridcolor": "white",
             "linecolor": "white",
             "minorgridcolor": "white",
             "startlinecolor": "#2a3f5f"
            },
            "baxis": {
             "endlinecolor": "#2a3f5f",
             "gridcolor": "white",
             "linecolor": "white",
             "minorgridcolor": "white",
             "startlinecolor": "#2a3f5f"
            },
            "type": "carpet"
           }
          ],
          "choropleth": [
           {
            "colorbar": {
             "outlinewidth": 0,
             "ticks": ""
            },
            "type": "choropleth"
           }
          ],
          "contour": [
           {
            "colorbar": {
             "outlinewidth": 0,
             "ticks": ""
            },
            "colorscale": [
             [
              0,
              "#0d0887"
             ],
             [
              0.1111111111111111,
              "#46039f"
             ],
             [
              0.2222222222222222,
              "#7201a8"
             ],
             [
              0.3333333333333333,
              "#9c179e"
             ],
             [
              0.4444444444444444,
              "#bd3786"
             ],
             [
              0.5555555555555556,
              "#d8576b"
             ],
             [
              0.6666666666666666,
              "#ed7953"
             ],
             [
              0.7777777777777778,
              "#fb9f3a"
             ],
             [
              0.8888888888888888,
              "#fdca26"
             ],
             [
              1,
              "#f0f921"
             ]
            ],
            "type": "contour"
           }
          ],
          "contourcarpet": [
           {
            "colorbar": {
             "outlinewidth": 0,
             "ticks": ""
            },
            "type": "contourcarpet"
           }
          ],
          "heatmap": [
           {
            "colorbar": {
             "outlinewidth": 0,
             "ticks": ""
            },
            "colorscale": [
             [
              0,
              "#0d0887"
             ],
             [
              0.1111111111111111,
              "#46039f"
             ],
             [
              0.2222222222222222,
              "#7201a8"
             ],
             [
              0.3333333333333333,
              "#9c179e"
             ],
             [
              0.4444444444444444,
              "#bd3786"
             ],
             [
              0.5555555555555556,
              "#d8576b"
             ],
             [
              0.6666666666666666,
              "#ed7953"
             ],
             [
              0.7777777777777778,
              "#fb9f3a"
             ],
             [
              0.8888888888888888,
              "#fdca26"
             ],
             [
              1,
              "#f0f921"
             ]
            ],
            "type": "heatmap"
           }
          ],
          "heatmapgl": [
           {
            "colorbar": {
             "outlinewidth": 0,
             "ticks": ""
            },
            "colorscale": [
             [
              0,
              "#0d0887"
             ],
             [
              0.1111111111111111,
              "#46039f"
             ],
             [
              0.2222222222222222,
              "#7201a8"
             ],
             [
              0.3333333333333333,
              "#9c179e"
             ],
             [
              0.4444444444444444,
              "#bd3786"
             ],
             [
              0.5555555555555556,
              "#d8576b"
             ],
             [
              0.6666666666666666,
              "#ed7953"
             ],
             [
              0.7777777777777778,
              "#fb9f3a"
             ],
             [
              0.8888888888888888,
              "#fdca26"
             ],
             [
              1,
              "#f0f921"
             ]
            ],
            "type": "heatmapgl"
           }
          ],
          "histogram": [
           {
            "marker": {
             "pattern": {
              "fillmode": "overlay",
              "size": 10,
              "solidity": 0.2
             }
            },
            "type": "histogram"
           }
          ],
          "histogram2d": [
           {
            "colorbar": {
             "outlinewidth": 0,
             "ticks": ""
            },
            "colorscale": [
             [
              0,
              "#0d0887"
             ],
             [
              0.1111111111111111,
              "#46039f"
             ],
             [
              0.2222222222222222,
              "#7201a8"
             ],
             [
              0.3333333333333333,
              "#9c179e"
             ],
             [
              0.4444444444444444,
              "#bd3786"
             ],
             [
              0.5555555555555556,
              "#d8576b"
             ],
             [
              0.6666666666666666,
              "#ed7953"
             ],
             [
              0.7777777777777778,
              "#fb9f3a"
             ],
             [
              0.8888888888888888,
              "#fdca26"
             ],
             [
              1,
              "#f0f921"
             ]
            ],
            "type": "histogram2d"
           }
          ],
          "histogram2dcontour": [
           {
            "colorbar": {
             "outlinewidth": 0,
             "ticks": ""
            },
            "colorscale": [
             [
              0,
              "#0d0887"
             ],
             [
              0.1111111111111111,
              "#46039f"
             ],
             [
              0.2222222222222222,
              "#7201a8"
             ],
             [
              0.3333333333333333,
              "#9c179e"
             ],
             [
              0.4444444444444444,
              "#bd3786"
             ],
             [
              0.5555555555555556,
              "#d8576b"
             ],
             [
              0.6666666666666666,
              "#ed7953"
             ],
             [
              0.7777777777777778,
              "#fb9f3a"
             ],
             [
              0.8888888888888888,
              "#fdca26"
             ],
             [
              1,
              "#f0f921"
             ]
            ],
            "type": "histogram2dcontour"
           }
          ],
          "mesh3d": [
           {
            "colorbar": {
             "outlinewidth": 0,
             "ticks": ""
            },
            "type": "mesh3d"
           }
          ],
          "parcoords": [
           {
            "line": {
             "colorbar": {
              "outlinewidth": 0,
              "ticks": ""
             }
            },
            "type": "parcoords"
           }
          ],
          "pie": [
           {
            "automargin": true,
            "type": "pie"
           }
          ],
          "scatter": [
           {
            "fillpattern": {
             "fillmode": "overlay",
             "size": 10,
             "solidity": 0.2
            },
            "type": "scatter"
           }
          ],
          "scatter3d": [
           {
            "line": {
             "colorbar": {
              "outlinewidth": 0,
              "ticks": ""
             }
            },
            "marker": {
             "colorbar": {
              "outlinewidth": 0,
              "ticks": ""
             }
            },
            "type": "scatter3d"
           }
          ],
          "scattercarpet": [
           {
            "marker": {
             "colorbar": {
              "outlinewidth": 0,
              "ticks": ""
             }
            },
            "type": "scattercarpet"
           }
          ],
          "scattergeo": [
           {
            "marker": {
             "colorbar": {
              "outlinewidth": 0,
              "ticks": ""
             }
            },
            "type": "scattergeo"
           }
          ],
          "scattergl": [
           {
            "marker": {
             "colorbar": {
              "outlinewidth": 0,
              "ticks": ""
             }
            },
            "type": "scattergl"
           }
          ],
          "scattermapbox": [
           {
            "marker": {
             "colorbar": {
              "outlinewidth": 0,
              "ticks": ""
             }
            },
            "type": "scattermapbox"
           }
          ],
          "scatterpolar": [
           {
            "marker": {
             "colorbar": {
              "outlinewidth": 0,
              "ticks": ""
             }
            },
            "type": "scatterpolar"
           }
          ],
          "scatterpolargl": [
           {
            "marker": {
             "colorbar": {
              "outlinewidth": 0,
              "ticks": ""
             }
            },
            "type": "scatterpolargl"
           }
